uuid: 7eee4142-37af-3eb7-b4b9-ed1eb9290900
timestamps:
  login: 1480832384800
  lastteleport: 1480157825401
  logout: 1480832388794
  kits:
    tools: 1471787182298
ipAddress: 127.0.0.1
lastlocation:
  world: world
  x: 349.243243552113
  y: 93.0
  z: 737.5688306103169
  yaw: -270.93286
  pitch: 35.03213
logoutlocation:
  world: DIM-33
  x: 1156.0
  y: 96.5
  z: 559.5
  yaw: 266.98688
  pitch: 6.639238
afk: false
homes:
  home:
    world: world
    x: 520.0490013847558
    y: 100.0
    z: 706.1855627868443
    yaw: 221.2115
    pitch: 22.788439
nickname: Epix
