uuid: 7eee4142-37af-3eb7-b4b9-ed1eb9290900
timestamps:
  login: 1479289051848
  lastteleport: 1479294619114
  logout: 1479300717533
  kits:
    tools: 1471787182298
ipAddress: 127.0.0.1
lastlocation:
  world: world
  x: 233.69999998807907
  y: 101.0
  z: 776.471802217466
  yaw: -73.555115
  pitch: 21.571064
logoutlocation:
  world: world
  x: 229.03393383054544
  y: 100.0
  z: 573.0800949763288
  yaw: -5.1275024
  pitch: 47.049057
afk: false
homes:
  home:
    world: world
    x: 520.0490013847558
    y: 100.0
    z: 706.1855627868443
    yaw: 221.2115
    pitch: 22.788439
nickname: Epix
