uuid: 288bb38f-b5bf-3222-bed3-b391be952ae9
timestamps:
  login: 1423913963748
  kits:
    tools: 1423913996106
  lastteleport: 1423914224671
  logout: 1423916827060
ipAddress: 222.246.16.216
lastlocation:
  world: SDYG6th
  x: -1008.5630374464292
  y: 109.0
  z: 1008.6421739190611
  yaw: 243.53033
  pitch: 26.502724
homes:
  home:
    world: SDYG6th
    x: 1149.8513611903277
    y: 148.0
    z: 957.9375078614443
    yaw: 90.792114
    pitch: 27.292244
logoutlocation:
  world: SDYG6th
  x: 1150.8978615750796
  y: 148.0
  z: 960.6468715399892
  yaw: -105.451225
  pitch: 16.23854
