uuid: 88bfd4fb-5617-3ec0-9bb0-845e0aea7e1c
timestamps:
  login: 1479995875870
  logout: 1480003786621
  lastteleport: 1479990307726
ipAddress: 127.0.0.1
lastlocation:
  world: world
  x: 512.8744782977378
  y: 102.875
  z: 715.1082674811441
  yaw: 355.34863
  pitch: -2.2525992
afk: false
logoutlocation:
  world: world
  x: 234.10483700742628
  y: 101.0
  z: 775.3000000119209
  yaw: 305.33444
  pitch: 45.3689
homes:
  home:
    world: world
    x: 518.1363733135623
    y: 101.0
    z: 691.6216764542846
    yaw: -45.371216
    pitch: 27.81626
