uuid: 84841219-729e-3a90-a290-6726e22a1098
timestamps:
  login: 1472048429082
  logout: 1472048526744
  lastteleport: 1472048493037
  kits:
    tools: 1471752461698
ipAddress: 113.85.113.204
lastlocation:
  world: DIM-1
  x: 67.69999998807907
  y: 92.0
  z: 92.69999998807907
  yaw: 144.44997
  pitch: 10.499992
logoutlocation:
  world: world
  x: 526.8823405172752
  y: 99.0
  z: 698.1286898249623
  yaw: -42.45005
  pitch: -1.5000124
homes:
  home:
    world: world
    x: 526.8823405172752
    y: 98.0
    z: 698.1286898249623
    yaw: 153.89996
    pitch: 8.999991
afk: false
nickname: Pr
