uuid: 947d868f-44b1-30ce-9fce-61c942c3f0b6
timestamps:
  login: 1479626778549
  lastteleport: 1479635035263
  logout: 1479626768918
  kits:
    tools: 1471767005720
ipAddress: 127.0.0.1
lastlocation:
  world: world
  x: 221.367936581469
  y: 116.02499997615814
  z: 755.1099999845028
  yaw: 2.827301
  pitch: -42.13964
logoutlocation:
  world: world
  x: 223.81779910350173
  y: 120.5900000333786
  z: 757.6729207078928
  yaw: 179.5964
  pitch: 77.36947
afk: false
homes:
  home:
    world: world
    x: 216.20330269410803
    y: 115.0
    z: 774.5603420637108
    yaw: 270.1709
    pitch: 9.483687
nickname: Suika
