uuid: 947d868f-44b1-30ce-9fce-61c942c3f0b6
timestamps:
  login: 1478937936730
  lastteleport: 1478935637451
  logout: 1478937961233
  kits:
    tools: 1471767005720
ipAddress: 127.0.0.1
lastlocation:
  world: world
  x: 508.9900841211911
  y: 92.0
  z: 951.0244410501231
  yaw: 144.9533
  pitch: 36.618736
logoutlocation:
  world: world
  x: 215.39883602866144
  y: 93.0
  z: 775.8942720667317
  yaw: 106.06534
  pitch: 22.969582
afk: false
homes:
  home:
    world: world
    x: 216.20330269410803
    y: 115.0
    z: 774.5603420637108
    yaw: 270.1709
    pitch: 9.483687
nickname: Suika
